43 36 46 30 43 43 43 37 42 42 43 37 36 42 43 43 42 43 42 43
43 41 37 37 43 43 46 36 41 43 43 42 41 43 46 36 43 43 43 42
42 43 37 43 46 37 36 41 36 43 41 36 37 30 46 46 42 36 36 43
37 42 43 41 41 42 36 42 42 43 42 43 41 43 36 43 43 41 42 46
42 36 43 43 42 37 42 42 42 46 30 43 36 43 43 42 37 36 42 30
36 36 42 42 36 36 43 41 30 42 37 43 41 41 43 43 42 46 43 37
43 37 41 43 41 42 43 46 46 36 43 42 43 30 41 46 43 46 30 43
41 42 30 42 37 43 43 42 43 43 46 43 30 42 30 42 30 43 43 42
46 42 42 43 41 42 30 37 30 42 43 42 43 37 37 37 42 43 43 46
42 43 43 41 42 36 43 30 37 43 42 43 41 36 37 41 43 42 43 43
